987535940988766
808219788951316
938450428655168
1054193600903422
931182409312919
947128384760518
4584995528398200
1057806046761280
889888297102102
1062573016297835
928802822886126
1494890819050967
2777807279255145
986004063866395
1698003394556145
1352694936966337
1282031263811191
4487731328173416
1384492457048056
1661610881725355
952823847135411
1650082539414013
1253767816825977
1830037755037659
817906424683738
2672581889827427
1799531687680575
970460192416584
1335857545390669
1563727745263918
1356898789904793
2213326309522119
899202903227198
989635904105854
4529368260651228
921284313736532
1599715362193447
3374142679432531
1376101333961373
1057102960144970
1673250630239190
970158039428535
1586731893165257
2106618269905052
2434901774006771
1434128785222823
2429600554118018
1578677377027390
1077237125059357
1053265127074633
1563202628597226
1750428209434356
1319681250111147
1420924609887020
1712779853195094
1745682396563357
1730829691542230
2218045615414798
